[gd_scene load_steps=3 format=2]

[ext_resource path="res://test_world/SpinningDisk.gd" type="Script" id=2]
[ext_resource path="res://test_world/platforms/Ramp.tscn" type="PackedScene" id=3]

[node name="Ramps" type="KinematicBody"]

[node name="Ramp5Deg" parent="." instance=ExtResource( 3 )]
transform = Transform( -1.62921e-07, -0.0871558, -0.996195, 0, 0.996195, -0.0871558, 1, -1.41995e-08, -1.62301e-07, 0, 0.6, -57 )

[node name="Ramp10Deg" parent="." instance=ExtResource( 3 )]
transform = Transform( -1.62921e-07, -0.173648, -0.984808, 0, 0.984808, -0.173648, 1, -2.82909e-08, -1.60446e-07, 0, 1.7, -51 )

[node name="Ramp15Deg" parent="." instance=ExtResource( 3 )]
transform = Transform( -1.62921e-07, -0.258819, -0.965926, 0, 0.965926, -0.258819, 1, -4.2167e-08, -1.57369e-07, 0, 2.77, -45 )

[node name="Ramp20Deg" parent="." instance=ExtResource( 3 )]
transform = Transform( -1.62921e-07, -0.34202, -0.939693, 0, 0.939693, -0.34202, 1, -5.57221e-08, -1.53095e-07, 0, 3.8, -39 )

[node name="Ramp25Deg" parent="." instance=ExtResource( 3 )]
transform = Transform( -1.62921e-07, -0.422618, -0.906308, 0, 0.906308, -0.422618, 1, -6.88533e-08, -1.47656e-07, 0, 4.835, -33 )

[node name="Ramp30Deg" parent="." instance=ExtResource( 3 )]
transform = Transform( -1.62921e-07, -0.5, -0.866025, 0, 0.866025, -0.5, 1, -8.14603e-08, -1.41093e-07, 0, 5.825, -27 )

[node name="Ramp35Deg" parent="." instance=ExtResource( 3 )]
transform = Transform( -1.62921e-07, -0.573576, -0.819152, 0, 0.819152, -0.573576, 1, -9.34475e-08, -1.33457e-07, 0, 6.775, -21 )

[node name="Ramp40Deg" parent="." instance=ExtResource( 3 )]
transform = Transform( -1.62921e-07, -0.642788, -0.766044, 0, 0.766045, -0.642787, 1, -1.04723e-07, -1.24804e-07, 0, 7.667, -15 )

[node name="Ramp45Deg" parent="." instance=ExtResource( 3 )]
transform = Transform( -1.62921e-07, -0.707107, -0.707107, 0, 0.707107, -0.707107, 1, -1.15202e-07, -1.15202e-07, 0, 8.486, -9 )

[node name="Ramp50Deg" parent="." instance=ExtResource( 3 )]
transform = Transform( -1.62921e-07, -0.766045, -0.642787, 0, 0.642787, -0.766044, 1, -1.24804e-07, -1.04723e-07, 0, 9.245, -3 )

[node name="Ramp55Deg" parent="." instance=ExtResource( 3 )]
transform = Transform( -1.62921e-07, -0.819152, -0.573576, 0, 0.573576, -0.819152, 1, -1.33457e-07, -9.34474e-08, 0, 9.927, 3 )

[node name="Ramp60Deg" parent="." instance=ExtResource( 3 )]
transform = Transform( -1.62921e-07, -0.866025, -0.5, 0, 0.5, -0.866025, 1, -1.41093e-07, -8.14603e-08, 0, 10.575, 9 )

[node name="Ramp65Deg" parent="." instance=ExtResource( 3 )]
transform = Transform( -1.62921e-07, -0.906308, -0.422618, 0, 0.422618, -0.906308, 1, -1.47656e-07, -6.88532e-08, 0, 11.118, 15 )

[node name="Ramp70Deg" parent="." instance=ExtResource( 3 )]
transform = Transform( -1.62921e-07, -0.939692, -0.34202, 0, 0.34202, -0.939692, 1, -1.53095e-07, -5.57221e-08, 0, 11.576, 21 )

[node name="Ramp75Deg" parent="." instance=ExtResource( 3 )]
transform = Transform( -1.62921e-07, -0.965926, -0.258819, 0, 0.258819, -0.965925, 1, -1.57369e-07, -4.21669e-08, 0, 11.944, 27 )

[node name="Ramp80Deg" parent="." instance=ExtResource( 3 )]
transform = Transform( -1.62921e-07, -0.984808, -0.173648, 0, 0.173648, -0.984807, 1, -1.60446e-07, -2.82909e-08, 0, 12.223, 33 )

[node name="Ramp85Deg" parent="." instance=ExtResource( 3 )]
transform = Transform( -1.62921e-07, -0.996194, -0.0871555, 0, 0.0871555, -0.996194, 1, -1.62301e-07, -1.41994e-08, 0, 12.394, 39 )

[node name="Ramp90Deg" parent="." instance=ExtResource( 3 )]
transform = Transform( -1.62921e-07, -1, 1.62921e-07, 0, -1.62921e-07, -1, 1, -1.62921e-07, 2.65431e-14, 0, 12.5, 45 )

[node name="DrawBridge" type="KinematicBody" parent="."]
transform = Transform( 1, 0, 0, 0, 1, 0, 0, 0, 1, 0, -0.45, 51 )
script = ExtResource( 2 )
start_angular_velocity = 0.05
rotation_axis = Vector3( 0, 0, 1 )
rotate_limit = 90

[node name="DrawBridge" parent="DrawBridge" instance=ExtResource( 3 )]
transform = Transform( -1.62921e-07, 0, 1, 0, 1, 0, -1, 0, -1.62921e-07, 12.5, 0, 0 )
