[gd_scene load_steps=88 format=2]

[ext_resource path="res://test_world/CurvedSlope.gd" type="Script" id=1]
[ext_resource path="res://assets/kenney_prototypetextures/PNG/Light/texture_08.png" type="Texture" id=2]
[ext_resource path="res://test_world/MovingPlatform.gd" type="Script" id=3]
[ext_resource path="res://test_world/SpinningDisk.gd" type="Script" id=4]
[ext_resource path="res://Player.tscn" type="PackedScene" id=5]
[ext_resource path="res://default_env.tres" type="Environment" id=6]
[ext_resource path="res://assets/meshes/Linear.mesh" type="ArrayMesh" id=7]
[ext_resource path="res://assets/meshes/Cubic.mesh" type="ArrayMesh" id=8]
[ext_resource path="res://assets/meshes/Quadratic.mesh" type="ArrayMesh" id=9]
[ext_resource path="res://assets/meshes/Sinusoidal10.mesh" type="ArrayMesh" id=10]
[ext_resource path="res://assets/meshes/Sinusoidal5.mesh" type="ArrayMesh" id=11]
[ext_resource path="res://assets/meshes/SinusoidalBowl3.mesh" type="ArrayMesh" id=12]
[ext_resource path="res://assets/meshes/Sinusoidal9.mesh" type="ArrayMesh" id=13]
[ext_resource path="res://assets/meshes/Sinusoidal3.mesh" type="ArrayMesh" id=14]
[ext_resource path="res://assets/meshes/SinusoidalBowl2.mesh" type="ArrayMesh" id=15]
[ext_resource path="res://assets/meshes/Sinusoidal.mesh" type="ArrayMesh" id=16]
[ext_resource path="res://assets/meshes/Sinusoidal2.mesh" type="ArrayMesh" id=17]
[ext_resource path="res://assets/meshes/Sinusoidal6.mesh" type="ArrayMesh" id=18]
[ext_resource path="res://assets/meshes/Sinusoidal8.mesh" type="ArrayMesh" id=19]
[ext_resource path="res://assets/meshes/Sinusoidal7.mesh" type="ArrayMesh" id=20]
[ext_resource path="res://assets/meshes/SinusoidalBowl.mesh" type="ArrayMesh" id=21]
[ext_resource path="res://assets/meshes/Sinusoidal4.mesh" type="ArrayMesh" id=22]
[ext_resource path="res://test_world/SurfaceMesh.gd" type="Script" id=23]
[ext_resource path="res://assets/meshes/surf-Linear.mesh" type="ArrayMesh" id=24]
[ext_resource path="res://assets/meshes/surf-Pyramid.mesh" type="ArrayMesh" id=25]
[ext_resource path="res://assets/meshes/surf-Sinusoidal.mesh" type="ArrayMesh" id=26]
[ext_resource path="res://assets/meshes/surf-Quadratic.mesh" type="ArrayMesh" id=27]
[ext_resource path="res://assets/meshes/surf-Noise2.mesh" type="ArrayMesh" id=28]
[ext_resource path="res://assets/meshes/surf-Noise.mesh" type="ArrayMesh" id=29]
[ext_resource path="res://debug_tools/DebugInfo.tscn" type="PackedScene" id=30]
[ext_resource path="res://test_world/CompanionCube.gd" type="Script" id=31]
[ext_resource path="res://assets/meshes/Steps1.mesh" type="ArrayMesh" id=32]
[ext_resource path="res://assets/meshes/Steps2.mesh" type="ArrayMesh" id=33]
[ext_resource path="res://assets/meshes/Steps4.mesh" type="ArrayMesh" id=34]
[ext_resource path="res://assets/meshes/Steps3.mesh" type="ArrayMesh" id=35]
[ext_resource path="res://assets/meshes/Steps5.mesh" type="ArrayMesh" id=36]
[ext_resource path="res://assets/meshes/Steps0.mesh" type="ArrayMesh" id=37]
[ext_resource path="res://test_world/ramp_material.tres" type="Material" id=38]

[sub_resource type="SpatialMaterial" id=1]
albedo_texture = ExtResource( 2 )
uv1_scale = Vector3( 200, 200, 200 )

[sub_resource type="PlaneMesh" id=2]
size = Vector2( 800, 800 )

[sub_resource type="BoxShape" id=3]
extents = Vector3( 400, 1, 400 )

[sub_resource type="SpatialMaterial" id=4]
albedo_color = Color( 0.992157, 0.741176, 0.741176, 1 )
albedo_texture = ExtResource( 2 )
metallic_specular = 0.1
uv1_scale = Vector3( 5, 50, 1 )

[sub_resource type="CubeMesh" id=5]
size = Vector3( 10, 2, 50 )

[sub_resource type="BoxShape" id=6]
extents = Vector3( 5, 1, 25 )

[sub_resource type="SpatialMaterial" id=7]
albedo_texture = ExtResource( 2 )
uv1_scale = Vector3( 10, 10, 1 )

[sub_resource type="StreamTexture" id=8]
flags = 23
load_path = "res://.import/texture_08.png-ee93ef84c6b600ea619d18904a29b20a.s3tc.stex"

[sub_resource type="SpatialMaterial" id=9]
albedo_color = Color( 1, 0, 1, 1 )
albedo_texture = SubResource( 8 )
uv1_scale = Vector3( 5, 5, 5 )

[sub_resource type="BoxShape" id=10]
extents = Vector3( 10, 1, 10 )

[sub_resource type="CylinderMesh" id=11]
top_radius = 10.0
bottom_radius = 10.0

[sub_resource type="SpatialMaterial" id=12]
albedo_color = Color( 1, 0, 1, 1 )
albedo_texture = ExtResource( 2 )
uv1_scale = Vector3( 10, 10, 10 )

[sub_resource type="CylinderShape" id=13]
radius = 10.0

[sub_resource type="CylinderMesh" id=14]
top_radius = 0.5
bottom_radius = 0.5
height = 15.0

[sub_resource type="SpatialMaterial" id=15]
albedo_color = Color( 0, 0, 0, 1 )

[sub_resource type="CylinderMesh" id=16]
top_radius = 40.0
bottom_radius = 40.0

[sub_resource type="SpatialMaterial" id=17]
albedo_color = Color( 1, 0, 0, 1 )
albedo_texture = ExtResource( 2 )
uv1_scale = Vector3( 40, 40, 40 )

[sub_resource type="CylinderShape" id=18]
radius = 40.0

[sub_resource type="SpatialMaterial" id=19]
albedo_color = Color( 1, 1, 0, 1 )
albedo_texture = ExtResource( 2 )
uv1_scale = Vector3( 40, 40, 40 )

[sub_resource type="SpatialMaterial" id=20]
albedo_color = Color( 0, 0, 1, 1 )
albedo_texture = ExtResource( 2 )
uv1_scale = Vector3( 40, 40, 40 )

[sub_resource type="SpatialMaterial" id=21]
albedo_color = Color( 0, 1, 1, 1 )
albedo_texture = ExtResource( 2 )
uv1_scale = Vector3( 10, 10, 10 )

[sub_resource type="SpatialMaterial" id=22]
albedo_color = Color( 0.498039, 0.498039, 0.498039, 1 )
albedo_texture = ExtResource( 2 )
uv1_scale = Vector3( 5, 5, 5 )

[sub_resource type="CylinderMesh" id=23]
top_radius = 80.0
bottom_radius = 80.0

[sub_resource type="SpatialMaterial" id=24]
albedo_color = Color( 0, 0, 1, 1 )
albedo_texture = ExtResource( 2 )
uv1_scale = Vector3( 80, 80, 80 )

[sub_resource type="CylinderShape" id=25]
radius = 80.0

[sub_resource type="CylinderMesh" id=26]
top_radius = 40.0
bottom_radius = 40.0

[sub_resource type="SpatialMaterial" id=27]
albedo_color = Color( 0, 1, 1, 1 )
albedo_texture = ExtResource( 2 )
uv1_scale = Vector3( 40, 40, 40 )

[sub_resource type="CylinderShape" id=28]
radius = 40.0

[sub_resource type="CylinderMesh" id=29]
top_radius = 20.0
bottom_radius = 20.0

[sub_resource type="SpatialMaterial" id=30]
albedo_color = Color( 0, 0.501961, 1, 1 )
albedo_texture = ExtResource( 2 )
uv1_scale = Vector3( 20, 20, 20 )

[sub_resource type="CylinderShape" id=31]
radius = 20.0

[sub_resource type="SpatialMaterial" id=32]
albedo_color = Color( 0, 0.501961, 0.501961, 1 )
albedo_texture = ExtResource( 2 )
uv1_scale = Vector3( 10, 10, 10 )

[sub_resource type="SpatialMaterial" id=33]
albedo_color = Color( 0, 1, 0, 1 )
albedo_texture = ExtResource( 2 )
uv1_scale = Vector3( 40, 40, 40 )

[sub_resource type="CylinderMesh" id=34]
top_radius = 40.0
bottom_radius = 40.0
height = 10.0

[sub_resource type="CylinderShape" id=35]
radius = 40.0
height = 10.0

[sub_resource type="CubeMesh" id=36]
size = Vector3( 10, 6, 50 )

[sub_resource type="BoxShape" id=37]
extents = Vector3( 5, 3, 25 )

[sub_resource type="CubeMesh" id=38]
size = Vector3( 10, 10, 50 )

[sub_resource type="BoxShape" id=39]
extents = Vector3( 5, 5, 25 )

[sub_resource type="SpatialMaterial" id=40]
albedo_color = Color( 1, 0.498039, 0, 1 )
albedo_texture = ExtResource( 2 )
uv1_scale = Vector3( 5, 5, 5 )

[sub_resource type="SpatialMaterial" id=41]
albedo_color = Color( 0, 1, 1, 1 )
albedo_texture = ExtResource( 2 )
uv1_scale = Vector3( 5, 5, 5 )

[sub_resource type="SpatialMaterial" id=42]
albedo_color = Color( 1, 0, 0, 1 )
albedo_texture = SubResource( 8 )
uv1_scale = Vector3( 5, 5, 5 )

[sub_resource type="SpatialMaterial" id=43]
albedo_color = Color( 0, 1, 0, 1 )
albedo_texture = ExtResource( 2 )
uv1_scale = Vector3( 25, 5, 1 )

[sub_resource type="BoxShape" id=44]
extents = Vector3( 10, 1, 60 )

[sub_resource type="SpatialMaterial" id=45]
albedo_color = Color( 0, 0, 1, 1 )
albedo_texture = ExtResource( 2 )
uv1_scale = Vector3( 5, 5, 1 )

[sub_resource type="PhysicsMaterial" id=46]

[sub_resource type="SpatialMaterial" id=47]
albedo_color = Color( 1, 0.56, 0.970667, 1 )
albedo_texture = ExtResource( 2 )
uv1_scale = Vector3( 1.5, 1, 1 )

[sub_resource type="CubeMesh" id=48]
size = Vector3( 4, 4, 4 )

[sub_resource type="BoxShape" id=49]
extents = Vector3( 2, 2, 2 )

[node name="TestWorld" type="Spatial"]

[node name="DebugInfo" parent="." instance=ExtResource( 30 )]
rect_scale = Vector2( 1.75, 1.75 )

[node name="WorldEnvironment" type="WorldEnvironment" parent="."]
environment = ExtResource( 6 )

[node name="DirectionalLight" type="DirectionalLight" parent="WorldEnvironment"]
transform = Transform( -0.999998, -5.82076e-11, 0.00178006, 0.000985227, 0.832863, 0.553478, -0.00148255, 0.553479, -0.832862, 0, 86.4, 0 )
light_energy = 0.55
shadow_enabled = true

[node name="Floor" type="StaticBody" parent="."]
__meta__ = {
"_edit_group_": true,
"_edit_lock_": true
}

[node name="PlaneMesh" type="MeshInstance" parent="Floor"]
material_override = SubResource( 1 )
mesh = SubResource( 2 )
material/0 = null

[node name="CollisionShape" type="CollisionShape" parent="Floor"]
transform = Transform( 1, 0, 0, 0, 1, 0, 0, 0, 1, 0, -1, 0 )
shape = SubResource( 3 )

[node name="Curves" type="Spatial" parent="."]
transform = Transform( 1, 0, 0, 0, 1, 0, 0, 0, 1, -200, 0, 0 )

[node name="Linear" type="StaticBody" parent="Curves"]
transform = Transform( 1, 0, 0, 0, 1, 0, 0, 0, 1, 250, 0.01, -70 )
script = ExtResource( 1 )
__meta__ = {
"_edit_group_": true
}
gradient = 1.0
slope_type = "linear"

[node name="MeshInstance" type="MeshInstance" parent="Curves/Linear"]
material_override = SubResource( 4 )
mesh = ExtResource( 7 )
material/0 = null

[node name="Quadratic" type="StaticBody" parent="Curves"]
transform = Transform( 1, 0, 0, 0, 1, 0, 0, 0, 1, 250, 0.01, -50 )
script = ExtResource( 1 )
__meta__ = {
"_edit_group_": true
}

[node name="MeshInstance" type="MeshInstance" parent="Curves/Quadratic"]
material_override = SubResource( 4 )
mesh = ExtResource( 9 )
material/0 = null

[node name="Cubic" type="StaticBody" parent="Curves"]
transform = Transform( 1, 0, 0, 0, 1, 0, 0, 0, 1, 250, 0.01, -30 )
script = ExtResource( 1 )
__meta__ = {
"_edit_group_": true
}
gradient = 0.001
slope_type = "cubic"

[node name="MeshInstance" type="MeshInstance" parent="Curves/Cubic"]
material_override = SubResource( 4 )
mesh = ExtResource( 8 )
material/0 = null

[node name="Sinusoidal" type="StaticBody" parent="Curves"]
transform = Transform( 1, 0, 0, 0, 1, 0, 0, 0, 1, 250, 0.01, -10 )
script = ExtResource( 1 )
__meta__ = {
"_edit_group_": true
}
gradient = 10.0
slope_type = "sinusoidal"

[node name="MeshInstance" type="MeshInstance" parent="Curves/Sinusoidal"]
material_override = SubResource( 4 )
mesh = ExtResource( 16 )
material/0 = null

[node name="Sinusoidal2" type="StaticBody" parent="Curves"]
transform = Transform( 1, 0, 0, 0, 1, 0, 0, 0, 1, 250, 0.01, 10 )
script = ExtResource( 1 )
__meta__ = {
"_edit_group_": true
}
gradient = 15.0
slope_type = "sinusoidal"

[node name="MeshInstance" type="MeshInstance" parent="Curves/Sinusoidal2"]
material_override = SubResource( 4 )
mesh = ExtResource( 17 )
material/0 = null

[node name="Sinusoidal3" type="StaticBody" parent="Curves"]
transform = Transform( 1, 0, 0, 0, 1, 0, 0, 0, 1, 250, 0.01, 30 )
script = ExtResource( 1 )
__meta__ = {
"_edit_group_": true
}
gradient = 22.5
slope_type = "sinusoidal"

[node name="MeshInstance" type="MeshInstance" parent="Curves/Sinusoidal3"]
material_override = SubResource( 4 )
mesh = ExtResource( 14 )
material/0 = null

[node name="Sinusoidal4" type="StaticBody" parent="Curves"]
transform = Transform( 1, 0, 0, 0, 1, 0, 0, 0, 1, 250, 0.01, 50 )
script = ExtResource( 1 )
__meta__ = {
"_edit_group_": true
}
gradient = 30.0
slope_type = "sinusoidal"

[node name="MeshInstance" type="MeshInstance" parent="Curves/Sinusoidal4"]
material_override = SubResource( 4 )
mesh = ExtResource( 22 )
material/0 = null

[node name="Sinusoidal5" type="StaticBody" parent="Curves"]
transform = Transform( 1, 0, 0, 0, 1, 0, 0, 0, 1, 250, 0.01, 70 )
script = ExtResource( 1 )
__meta__ = {
"_edit_group_": true
}
gradient = 40.0
slope_type = "sinusoidal"

[node name="MeshInstance" type="MeshInstance" parent="Curves/Sinusoidal5"]
material_override = SubResource( 4 )
mesh = ExtResource( 11 )
material/0 = null

[node name="Sinusoidal6" type="StaticBody" parent="Curves"]
transform = Transform( 1, 0, 0, 0, 1, 0, 0, 0, 1, 250, 0.01, 90 )
script = ExtResource( 1 )
__meta__ = {
"_edit_group_": true
}
gradient = 50.0
slope_type = "sinusoidal"

[node name="MeshInstance" type="MeshInstance" parent="Curves/Sinusoidal6"]
material_override = SubResource( 4 )
mesh = ExtResource( 18 )
material/0 = null

[node name="Sinusoidal7" type="StaticBody" parent="Curves"]
transform = Transform( 1, 0, 0, 0, 1, 0, 0, 0, 1, 250, 0.01, 110 )
script = ExtResource( 1 )
__meta__ = {
"_edit_group_": true
}
gradient = 60.0
slope_type = "sinusoidal"

[node name="MeshInstance" type="MeshInstance" parent="Curves/Sinusoidal7"]
material_override = SubResource( 4 )
mesh = ExtResource( 20 )
material/0 = null

[node name="Sinusoidal8" type="StaticBody" parent="Curves"]
transform = Transform( 1, 0, 0, 0, 1, 0, 0, 0, 1, 250, 0.01, 130 )
script = ExtResource( 1 )
__meta__ = {
"_edit_group_": true
}
gradient = 70.0
slope_type = "sinusoidal"

[node name="MeshInstance" type="MeshInstance" parent="Curves/Sinusoidal8"]
material_override = SubResource( 4 )
mesh = ExtResource( 19 )
material/0 = null

[node name="Sinusoidal9" type="StaticBody" parent="Curves"]
transform = Transform( 1, 0, 0, 0, 1, 0, 0, 0, 1, 250, 0.01, 150 )
script = ExtResource( 1 )
__meta__ = {
"_edit_group_": true
}
gradient = 80.0
slope_type = "sinusoidal"

[node name="MeshInstance" type="MeshInstance" parent="Curves/Sinusoidal9"]
material_override = SubResource( 4 )
mesh = ExtResource( 13 )
material/0 = null

[node name="Sinusoidal10" type="StaticBody" parent="Curves"]
transform = Transform( 1, 0, 0, 0, 1, 0, 0, 0, 1, 250, 0.01, 170 )
script = ExtResource( 1 )
__meta__ = {
"_edit_group_": true
}
gradient = 90.0
slope_type = "sinusoidal"

[node name="MeshInstance" type="MeshInstance" parent="Curves/Sinusoidal10"]
material_override = SubResource( 4 )
mesh = ExtResource( 10 )
material/0 = null

[node name="SinusoidalBowl" type="StaticBody" parent="Curves"]
transform = Transform( 1, 0, 0, 0, 1, 0, 0, 0, 1, 250, 0.1, 190 )
script = ExtResource( 1 )
__meta__ = {
"_edit_group_": true
}
gradient = 90.0
width = 50.0
slope_type = "sinusoidal_inv"

[node name="MeshInstance" type="MeshInstance" parent="Curves/SinusoidalBowl"]
material_override = SubResource( 4 )
mesh = ExtResource( 21 )
material/0 = null

[node name="SinusoidalBowl2" type="StaticBody" parent="Curves"]
transform = Transform( 1, 0, 0, 0, 1, 0, 0, 0, 1, 250, 0.1, 240 )
script = ExtResource( 1 )
__meta__ = {
"_edit_group_": true
}
gradient = 40.0
width = 50.0
slope_type = "sinusoidal_inv"

[node name="MeshInstance" type="MeshInstance" parent="Curves/SinusoidalBowl2"]
material_override = SubResource( 4 )
mesh = ExtResource( 15 )
material/0 = null

[node name="SinusoidalBowl3" type="StaticBody" parent="Curves"]
transform = Transform( 1, 0, 0, 0, 1, 0, 0, 0, 1, 250, 0.1, 290 )
script = ExtResource( 1 )
__meta__ = {
"_edit_group_": true
}
gradient = 20.0
width = 50.0
slope_type = "sinusoidal_inv"

[node name="MeshInstance" type="MeshInstance" parent="Curves/SinusoidalBowl3"]
material_override = SubResource( 4 )
mesh = ExtResource( 12 )
material/0 = null

[node name="StandingPlatform" type="StaticBody" parent="Curves"]
transform = Transform( 1, 0, 0, 0, 1, 0, 0, 0, 1, 355, 99.006, -53 )
__meta__ = {
"_edit_group_": true
}

[node name="MeshInstance" type="MeshInstance" parent="Curves/StandingPlatform"]
material_override = ExtResource( 38 )
mesh = SubResource( 5 )
material/0 = null

[node name="CollisionShape" type="CollisionShape" parent="Curves/StandingPlatform"]
shape = SubResource( 6 )

[node name="StandingPlatform2" type="StaticBody" parent="Curves"]
transform = Transform( 1, 0, 0, 0, 1, 0, 0, 0, 1, 355, 999, -21 )
__meta__ = {
"_edit_group_": true
}

[node name="MeshInstance" type="MeshInstance" parent="Curves/StandingPlatform2"]
material_override = ExtResource( 38 )
mesh = SubResource( 5 )
material/0 = null

[node name="CollisionShape" type="CollisionShape" parent="Curves/StandingPlatform2"]
shape = SubResource( 6 )

[node name="Surfaces" type="Spatial" parent="."]
transform = Transform( 1, 0, 0, 0, 1, 0, 0, 0, 1, 550, 0, 0 )

[node name="Linear" type="StaticBody" parent="Surfaces"]
transform = Transform( 1, 0, 0, 0, 1, 0, 0, 0, 1, -242.5, 31, 358 )
script = ExtResource( 23 )
__meta__ = {
"_edit_group_": true
}
a = 0.3
b = 0.3
range_x = Vector2( -70, 70 )
range_y = Vector2( -70, 70 )

[node name="MeshInstance" type="MeshInstance" parent="Surfaces/Linear"]
material_override = SubResource( 7 )
mesh = ExtResource( 24 )
material/0 = null

[node name="Pyramid" type="StaticBody" parent="Surfaces"]
transform = Transform( 1, 0, 0, 0, 1, 0, 0, 0, 1, -242.5, 42, 217.2 )
script = ExtResource( 23 )
__meta__ = {
"_edit_group_": true
}
a = 20.0
b = 20.0
c = 0.5
d = 0.5
range_x = Vector2( -70, 70 )
range_y = Vector2( -70, 70 )
surface_type = "pyramid"

[node name="MeshInstance" type="MeshInstance" parent="Surfaces/Pyramid"]
material_override = SubResource( 7 )
mesh = ExtResource( 25 )
material/0 = null

[node name="Sinusoidal" type="StaticBody" parent="Surfaces"]
transform = Transform( 1, 0, 0, 0, 1, 0, 0, 0, 1, -242.5, 8.2, 77.8 )
script = ExtResource( 23 )
__meta__ = {
"_edit_group_": true
}
a = 3.0
b = 3.0
c = 3.0
d = 3.0
range_x = Vector2( -70, 70 )
range_y = Vector2( -70, 70 )
surface_type = "sinusoidal"

[node name="MeshInstance" type="MeshInstance" parent="Surfaces/Sinusoidal"]
material_override = SubResource( 7 )
mesh = ExtResource( 26 )
material/0 = null

[node name="Quadratic" type="StaticBody" parent="Surfaces"]
transform = Transform( 1, 0, 0, 0, 1, 0, 0, 0, 1, -242.5, 8.2, -62.4 )
script = ExtResource( 23 )
__meta__ = {
"_edit_group_": true
}
b = 0.0
c = -1.0
d = 0.0
range_x = Vector2( -70, 70 )
range_y = Vector2( -70, 70 )
surface_type = "quadratic"

[node name="MeshInstance" type="MeshInstance" parent="Surfaces/Quadratic"]
material_override = SubResource( 7 )
mesh = ExtResource( 27 )
material/0 = null

[node name="Noise" type="StaticBody" parent="Surfaces"]
transform = Transform( 1, 0, 0, 0, 1, 0, 0, 0, 1, -242.5, 4, -206.2 )
script = ExtResource( 23 )
__meta__ = {
"_edit_group_": true
}
a = 5.0
d = 0.0
range_x = Vector2( -70, 70 )
range_y = Vector2( -70, 70 )
surface_type = "simplex"

[node name="MeshInstance" type="MeshInstance" parent="Surfaces/Noise"]
material_override = SubResource( 7 )
mesh = ExtResource( 29 )
material/0 = null

[node name="Noise2" type="StaticBody" parent="Surfaces"]
transform = Transform( 1, 0, 0, 0, 1, 0, 0, 0, 1, -242.5, 4, -351.666 )
script = ExtResource( 23 )
__meta__ = {
"_edit_group_": true
}
a = 4.0
b = 0.5
c = 0.5
d = 0.0
range_x = Vector2( -70, 70 )
range_y = Vector2( -70, 70 )
surface_type = "simplex"

[node name="MeshInstance" type="MeshInstance" parent="Surfaces/Noise2"]
material_override = SubResource( 7 )
mesh = ExtResource( 28 )
material/0 = null

[node name="Ramps" type="Spatial" parent="."]
transform = Transform( 1, 0, 0, 0, 1, 0, 0, 0, 1, -200, 0, 0 )

[node name="Ramp5Deg" type="StaticBody" parent="Ramps"]
transform = Transform( -1.62921e-07, -0.0871557, -0.996195, 0, 0.996195, -0.0871557, 1, -1.41995e-08, -1.62301e-07, 280, 1.2, -301 )
__meta__ = {
"_edit_group_": true
}

[node name="MeshInstance" type="MeshInstance" parent="Ramps/Ramp5Deg"]
material_override = ExtResource( 38 )
mesh = SubResource( 5 )
material/0 = null

[node name="CollisionShape" type="CollisionShape" parent="Ramps/Ramp5Deg"]
shape = SubResource( 6 )

[node name="Ramp10Deg" type="StaticBody" parent="Ramps"]
transform = Transform( -1.62921e-07, -0.173648, -0.984808, 0, 0.984808, -0.173648, 1, -2.82909e-08, -1.60446e-07, 280, 3.3, -289 )
__meta__ = {
"_edit_group_": true
}

[node name="MeshInstance" type="MeshInstance" parent="Ramps/Ramp10Deg"]
material_override = ExtResource( 38 )
mesh = SubResource( 5 )
material/0 = null

[node name="CollisionShape" type="CollisionShape" parent="Ramps/Ramp10Deg"]
shape = SubResource( 6 )

[node name="Ramp15Deg" type="StaticBody" parent="Ramps"]
transform = Transform( -1.62921e-07, -0.258819, -0.965926, 0, 0.965926, -0.258819, 1, -4.2167e-08, -1.57369e-07, 280, 5.5, -277 )
__meta__ = {
"_edit_group_": true
}

[node name="MeshInstance" type="MeshInstance" parent="Ramps/Ramp15Deg"]
material_override = ExtResource( 38 )
mesh = SubResource( 5 )
material/0 = null

[node name="CollisionShape" type="CollisionShape" parent="Ramps/Ramp15Deg"]
shape = SubResource( 6 )

[node name="Ramp20Deg" type="StaticBody" parent="Ramps"]
transform = Transform( -1.62921e-07, -0.34202, -0.939692, 0, 0.939692, -0.34202, 1, -5.57221e-08, -1.53095e-07, 280, 7.6, -265 )
__meta__ = {
"_edit_group_": true
}

[node name="MeshInstance" type="MeshInstance" parent="Ramps/Ramp20Deg"]
material_override = ExtResource( 38 )
mesh = SubResource( 5 )
material/0 = null

[node name="CollisionShape" type="CollisionShape" parent="Ramps/Ramp20Deg"]
shape = SubResource( 6 )

[node name="Ramp25Deg" type="StaticBody" parent="Ramps"]
transform = Transform( -1.62921e-07, -0.422618, -0.906308, 0, 0.906308, -0.422618, 1, -6.88533e-08, -1.47656e-07, 280, 9.6, -253 )
__meta__ = {
"_edit_group_": true
}

[node name="MeshInstance" type="MeshInstance" parent="Ramps/Ramp25Deg"]
material_override = ExtResource( 38 )
mesh = SubResource( 5 )
material/0 = null

[node name="CollisionShape" type="CollisionShape" parent="Ramps/Ramp25Deg"]
shape = SubResource( 6 )

[node name="Ramp30Deg" type="StaticBody" parent="Ramps"]
transform = Transform( -1.62921e-07, -0.5, -0.866025, 0, 0.866025, -0.5, 1, -8.14603e-08, -1.41093e-07, 280, 11.5, -241 )
__meta__ = {
"_edit_group_": true
}

[node name="MeshInstance" type="MeshInstance" parent="Ramps/Ramp30Deg"]
material_override = ExtResource( 38 )
mesh = SubResource( 5 )
material/0 = null

[node name="CollisionShape" type="CollisionShape" parent="Ramps/Ramp30Deg"]
shape = SubResource( 6 )

[node name="Ramp35Deg" type="StaticBody" parent="Ramps"]
transform = Transform( -1.62921e-07, -0.573576, -0.819152, 0, 0.819152, -0.573576, 1, -9.34475e-08, -1.33457e-07, 280, 13.5, -229 )
__meta__ = {
"_edit_group_": true
}

[node name="MeshInstance" type="MeshInstance" parent="Ramps/Ramp35Deg"]
material_override = ExtResource( 38 )
mesh = SubResource( 5 )
material/0 = null

[node name="CollisionShape" type="CollisionShape" parent="Ramps/Ramp35Deg"]
shape = SubResource( 6 )

[node name="Ramp40Deg" type="StaticBody" parent="Ramps"]
transform = Transform( -1.62921e-07, -0.642787, -0.766044, 0, 0.766044, -0.642787, 1, -1.04723e-07, -1.24804e-07, 280, 15.2, -217 )
__meta__ = {
"_edit_group_": true
}

[node name="MeshInstance" type="MeshInstance" parent="Ramps/Ramp40Deg"]
material_override = ExtResource( 38 )
mesh = SubResource( 5 )
material/0 = null

[node name="CollisionShape" type="CollisionShape" parent="Ramps/Ramp40Deg"]
shape = SubResource( 6 )

[node name="Ramp45Deg" type="StaticBody" parent="Ramps"]
transform = Transform( -1.62921e-07, -0.707107, -0.707107, 0, 0.707107, -0.707107, 1, -1.15202e-07, -1.15202e-07, 280, 16.9, -205 )
__meta__ = {
"_edit_group_": true
}

[node name="MeshInstance" type="MeshInstance" parent="Ramps/Ramp45Deg"]
material_override = ExtResource( 38 )
mesh = SubResource( 5 )
material/0 = null

[node name="CollisionShape" type="CollisionShape" parent="Ramps/Ramp45Deg"]
shape = SubResource( 6 )

[node name="Ramp50Deg" type="StaticBody" parent="Ramps"]
transform = Transform( -1.62921e-07, -0.766044, -0.642787, 0, 0.642787, -0.766044, 1, -1.24804e-07, -1.04723e-07, 280, 18.5, -193 )
__meta__ = {
"_edit_group_": true
}

[node name="MeshInstance" type="MeshInstance" parent="Ramps/Ramp50Deg"]
material_override = ExtResource( 38 )
mesh = SubResource( 5 )
material/0 = null

[node name="CollisionShape" type="CollisionShape" parent="Ramps/Ramp50Deg"]
shape = SubResource( 6 )

[node name="Ramp55Deg" type="StaticBody" parent="Ramps"]
transform = Transform( -1.62921e-07, -0.819152, -0.573576, 0, 0.573576, -0.819152, 1, -1.33457e-07, -9.34474e-08, 280, 19.8, -181 )
__meta__ = {
"_edit_group_": true
}

[node name="MeshInstance" type="MeshInstance" parent="Ramps/Ramp55Deg"]
material_override = ExtResource( 38 )
mesh = SubResource( 5 )
material/0 = null

[node name="CollisionShape" type="CollisionShape" parent="Ramps/Ramp55Deg"]
shape = SubResource( 6 )

[node name="Ramp60Deg" type="StaticBody" parent="Ramps"]
transform = Transform( -1.62921e-07, -0.866025, -0.5, 0, 0.5, -0.866025, 1, -1.41093e-07, -8.14603e-08, 280, 21.1, -169 )
__meta__ = {
"_edit_group_": true
}

[node name="MeshInstance" type="MeshInstance" parent="Ramps/Ramp60Deg"]
material_override = ExtResource( 38 )
mesh = SubResource( 5 )
material/0 = null

[node name="CollisionShape" type="CollisionShape" parent="Ramps/Ramp60Deg"]
shape = SubResource( 6 )

[node name="Ramp65Deg" type="StaticBody" parent="Ramps"]
transform = Transform( -1.62921e-07, -0.906308, -0.422618, 0, 0.422618, -0.906308, 1, -1.47656e-07, -6.88532e-08, 280, 22.1, -157 )
__meta__ = {
"_edit_group_": true
}

[node name="MeshInstance" type="MeshInstance" parent="Ramps/Ramp65Deg"]
material_override = ExtResource( 38 )
mesh = SubResource( 5 )
material/0 = null

[node name="CollisionShape" type="CollisionShape" parent="Ramps/Ramp65Deg"]
shape = SubResource( 6 )

[node name="Ramp70Deg" type="StaticBody" parent="Ramps"]
transform = Transform( -1.62921e-07, -0.939692, -0.34202, 0, 0.34202, -0.939692, 1, -1.53095e-07, -5.57221e-08, 280, 23.1, -145 )
__meta__ = {
"_edit_group_": true
}

[node name="MeshInstance" type="MeshInstance" parent="Ramps/Ramp70Deg"]
material_override = ExtResource( 38 )
mesh = SubResource( 5 )
material/0 = null

[node name="CollisionShape" type="CollisionShape" parent="Ramps/Ramp70Deg"]
shape = SubResource( 6 )

[node name="Ramp75Deg" type="StaticBody" parent="Ramps"]
transform = Transform( -1.62921e-07, -0.965926, -0.258819, 0, 0.258819, -0.965926, 1, -1.57369e-07, -4.21669e-08, 280, 23.9, -133 )
__meta__ = {
"_edit_group_": true
}

[node name="MeshInstance" type="MeshInstance" parent="Ramps/Ramp75Deg"]
material_override = ExtResource( 38 )
mesh = SubResource( 5 )
material/0 = null

[node name="CollisionShape" type="CollisionShape" parent="Ramps/Ramp75Deg"]
shape = SubResource( 6 )

[node name="Ramp80Deg" type="StaticBody" parent="Ramps"]
transform = Transform( -1.62921e-07, -0.984808, -0.173648, 0, 0.173648, -0.984808, 1, -1.60446e-07, -2.82909e-08, 280, 24.4, -121 )
__meta__ = {
"_edit_group_": true
}

[node name="MeshInstance" type="MeshInstance" parent="Ramps/Ramp80Deg"]
material_override = ExtResource( 38 )
mesh = SubResource( 5 )
material/0 = null

[node name="CollisionShape" type="CollisionShape" parent="Ramps/Ramp80Deg"]
shape = SubResource( 6 )

[node name="Ramp85Deg" type="StaticBody" parent="Ramps"]
transform = Transform( -1.62921e-07, -0.996194, -0.0871555, 0, 0.0871555, -0.996194, 1, -1.62301e-07, -1.41994e-08, 280, 24.8, -109 )
__meta__ = {
"_edit_group_": true
}

[node name="MeshInstance" type="MeshInstance" parent="Ramps/Ramp85Deg"]
material_override = ExtResource( 38 )
mesh = SubResource( 5 )
material/0 = null

[node name="CollisionShape" type="CollisionShape" parent="Ramps/Ramp85Deg"]
shape = SubResource( 6 )

[node name="Ramp90Deg" type="StaticBody" parent="Ramps"]
transform = Transform( -1.62921e-07, -1, 1.62921e-07, 0, -1.62921e-07, -1, 1, -1.62921e-07, 2.65431e-14, 280, 25, -97 )
__meta__ = {
"_edit_group_": true
}

[node name="MeshInstance" type="MeshInstance" parent="Ramps/Ramp90Deg"]
material_override = ExtResource( 38 )
mesh = SubResource( 5 )
material/0 = null

[node name="CollisionShape" type="CollisionShape" parent="Ramps/Ramp90Deg"]
shape = SubResource( 6 )

[node name="DrawBridge" type="Spatial" parent="Ramps"]
transform = Transform( 1, 0, 0, 0, 1, 0, 0, 0, 1, 280, -0.95, -85 )
script = ExtResource( 4 )
__meta__ = {
"_edit_group_": true
}
angular_velocity = 0.025
rotation_axis = Vector3( 0, 0, 1 )
rotate_limit = 90

[node name="DrawBridge" type="KinematicBody" parent="Ramps/DrawBridge"]
transform = Transform( -1.62921e-07, 0, 1, 0, 1, 0, -1, 0, -1.62921e-07, 25, 0, 0 )

[node name="MeshInstance" type="MeshInstance" parent="Ramps/DrawBridge/DrawBridge"]
material_override = ExtResource( 38 )
mesh = SubResource( 5 )
material/0 = null

[node name="CollisionShape" type="CollisionShape" parent="Ramps/DrawBridge/DrawBridge"]
shape = SubResource( 6 )

[node name="RampsAir" type="Spatial" parent="."]
transform = Transform( -1.62921e-07, 0, 1, 0, 1, 0, -1, 0, -1.62921e-07, 0, 6, -351 )

[node name="Ramp0Deg" type="StaticBody" parent="RampsAir"]
transform = Transform( -1.62921e-07, 0, -1, 0, 1, 0, 1, 0, -1.62921e-07, 0, -0.8, -120 )
__meta__ = {
"_edit_group_": true
}

[node name="MeshInstance" type="MeshInstance" parent="RampsAir/Ramp0Deg"]
material_override = ExtResource( 38 )
mesh = SubResource( 5 )
material/0 = null

[node name="CollisionShape" type="CollisionShape" parent="RampsAir/Ramp0Deg"]
shape = SubResource( 6 )

[node name="Ramp5Deg" type="StaticBody" parent="RampsAir"]
transform = Transform( -1.62921e-07, -0.0871557, -0.996195, 0, 0.996195, -0.0871557, 1, -1.41995e-08, -1.62301e-07, -8.4363e-06, 1.2, -108 )
__meta__ = {
"_edit_group_": true
}

[node name="MeshInstance" type="MeshInstance" parent="RampsAir/Ramp5Deg"]
material_override = ExtResource( 38 )
mesh = SubResource( 5 )
material/0 = null

[node name="CollisionShape" type="CollisionShape" parent="RampsAir/Ramp5Deg"]
shape = SubResource( 6 )

[node name="Ramp10Deg" type="StaticBody" parent="RampsAir"]
transform = Transform( -1.62921e-07, -0.173648, -0.984808, 0, 0.984808, -0.173648, 1, -2.82909e-08, -1.60446e-07, -8.4363e-06, 3.3, -96 )
__meta__ = {
"_edit_group_": true
}

[node name="MeshInstance" type="MeshInstance" parent="RampsAir/Ramp10Deg"]
material_override = ExtResource( 38 )
mesh = SubResource( 5 )
material/0 = null

[node name="CollisionShape" type="CollisionShape" parent="RampsAir/Ramp10Deg"]
shape = SubResource( 6 )

[node name="Ramp15Deg" type="StaticBody" parent="RampsAir"]
transform = Transform( -1.62921e-07, -0.258819, -0.965926, 0, 0.965926, -0.258819, 1, -4.2167e-08, -1.57369e-07, -8.4363e-06, 5.5, -84 )
__meta__ = {
"_edit_group_": true
}

[node name="MeshInstance" type="MeshInstance" parent="RampsAir/Ramp15Deg"]
material_override = ExtResource( 38 )
mesh = SubResource( 5 )
material/0 = null

[node name="CollisionShape" type="CollisionShape" parent="RampsAir/Ramp15Deg"]
shape = SubResource( 6 )

[node name="Ramp20Deg" type="StaticBody" parent="RampsAir"]
transform = Transform( -1.62921e-07, -0.34202, -0.939692, 0, 0.939692, -0.34202, 1, -5.57221e-08, -1.53095e-07, -8.4363e-06, 7.6, -72 )
__meta__ = {
"_edit_group_": true
}

[node name="MeshInstance" type="MeshInstance" parent="RampsAir/Ramp20Deg"]
material_override = ExtResource( 38 )
mesh = SubResource( 5 )
material/0 = null

[node name="CollisionShape" type="CollisionShape" parent="RampsAir/Ramp20Deg"]
shape = SubResource( 6 )

[node name="Ramp25Deg" type="StaticBody" parent="RampsAir"]
transform = Transform( -1.62921e-07, -0.422618, -0.906308, 0, 0.906308, -0.422618, 1, -6.88533e-08, -1.47656e-07, -8.4363e-06, 9.6, -60 )
__meta__ = {
"_edit_group_": true
}

[node name="MeshInstance" type="MeshInstance" parent="RampsAir/Ramp25Deg"]
material_override = ExtResource( 38 )
mesh = SubResource( 5 )
material/0 = null

[node name="CollisionShape" type="CollisionShape" parent="RampsAir/Ramp25Deg"]
shape = SubResource( 6 )

[node name="Ramp30Deg" type="StaticBody" parent="RampsAir"]
transform = Transform( -1.62921e-07, -0.5, -0.866025, 0, 0.866025, -0.5, 1, -8.14603e-08, -1.41093e-07, -8.4363e-06, 11.5, -48 )
__meta__ = {
"_edit_group_": true
}

[node name="MeshInstance" type="MeshInstance" parent="RampsAir/Ramp30Deg"]
material_override = ExtResource( 38 )
mesh = SubResource( 5 )
material/0 = null

[node name="CollisionShape" type="CollisionShape" parent="RampsAir/Ramp30Deg"]
shape = SubResource( 6 )

[node name="Ramp35Deg" type="StaticBody" parent="RampsAir"]
transform = Transform( -1.62921e-07, -0.573576, -0.819152, 0, 0.819152, -0.573576, 1, -9.34475e-08, -1.33457e-07, -8.4363e-06, 13.5, -36 )
__meta__ = {
"_edit_group_": true
}

[node name="MeshInstance" type="MeshInstance" parent="RampsAir/Ramp35Deg"]
material_override = ExtResource( 38 )
mesh = SubResource( 5 )
material/0 = null

[node name="CollisionShape" type="CollisionShape" parent="RampsAir/Ramp35Deg"]
shape = SubResource( 6 )

[node name="Ramp40Deg" type="StaticBody" parent="RampsAir"]
transform = Transform( -1.62921e-07, -0.642787, -0.766044, 0, 0.766044, -0.642787, 1, -1.04723e-07, -1.24804e-07, -8.4363e-06, 15.2, -24 )
__meta__ = {
"_edit_group_": true
}

[node name="MeshInstance" type="MeshInstance" parent="RampsAir/Ramp40Deg"]
material_override = ExtResource( 38 )
mesh = SubResource( 5 )
material/0 = null

[node name="CollisionShape" type="CollisionShape" parent="RampsAir/Ramp40Deg"]
shape = SubResource( 6 )

[node name="Ramp45Deg" type="StaticBody" parent="RampsAir"]
transform = Transform( -1.62921e-07, -0.707107, -0.707107, 0, 0.707107, -0.707107, 1, -1.15202e-07, -1.15202e-07, -8.4363e-06, 16.9, -12 )
__meta__ = {
"_edit_group_": true
}

[node name="MeshInstance" type="MeshInstance" parent="RampsAir/Ramp45Deg"]
material_override = ExtResource( 38 )
mesh = SubResource( 5 )
material/0 = null

[node name="CollisionShape" type="CollisionShape" parent="RampsAir/Ramp45Deg"]
shape = SubResource( 6 )

[node name="Ramp50Deg" type="StaticBody" parent="RampsAir"]
transform = Transform( -1.62921e-07, -0.766044, -0.642787, 0, 0.642787, -0.766044, 1, -1.24804e-07, -1.04723e-07, -8.4363e-06, 18.5, -3.68762e-13 )
__meta__ = {
"_edit_group_": true
}

[node name="MeshInstance" type="MeshInstance" parent="RampsAir/Ramp50Deg"]
material_override = ExtResource( 38 )
mesh = SubResource( 5 )
material/0 = null

[node name="CollisionShape" type="CollisionShape" parent="RampsAir/Ramp50Deg"]
shape = SubResource( 6 )

[node name="Ramp55Deg" type="StaticBody" parent="RampsAir"]
transform = Transform( -1.62921e-07, -0.819152, -0.573576, 0, 0.573576, -0.819152, 1, -1.33457e-07, -9.34474e-08, -8.4363e-06, 19.8, 12 )
__meta__ = {
"_edit_group_": true
}

[node name="MeshInstance" type="MeshInstance" parent="RampsAir/Ramp55Deg"]
material_override = ExtResource( 38 )
mesh = SubResource( 5 )
material/0 = null

[node name="CollisionShape" type="CollisionShape" parent="RampsAir/Ramp55Deg"]
shape = SubResource( 6 )

[node name="Ramp60Deg" type="StaticBody" parent="RampsAir"]
transform = Transform( -1.62921e-07, -0.866025, -0.5, 0, 0.5, -0.866025, 1, -1.41093e-07, -8.14603e-08, -8.4363e-06, 21.1, 24 )
__meta__ = {
"_edit_group_": true
}

[node name="MeshInstance" type="MeshInstance" parent="RampsAir/Ramp60Deg"]
material_override = ExtResource( 38 )
mesh = SubResource( 5 )
material/0 = null

[node name="CollisionShape" type="CollisionShape" parent="RampsAir/Ramp60Deg"]
shape = SubResource( 6 )

[node name="Ramp65Deg" type="StaticBody" parent="RampsAir"]
transform = Transform( -1.62921e-07, -0.906308, -0.422618, 0, 0.422618, -0.906308, 1, -1.47656e-07, -6.88532e-08, -8.4363e-06, 22.1, 36 )
__meta__ = {
"_edit_group_": true
}

[node name="MeshInstance" type="MeshInstance" parent="RampsAir/Ramp65Deg"]
material_override = ExtResource( 38 )
mesh = SubResource( 5 )
material/0 = null

[node name="CollisionShape" type="CollisionShape" parent="RampsAir/Ramp65Deg"]
shape = SubResource( 6 )

[node name="Ramp70Deg" type="StaticBody" parent="RampsAir"]
transform = Transform( -1.62921e-07, -0.939692, -0.34202, 0, 0.34202, -0.939692, 1, -1.53095e-07, -5.57221e-08, -8.4363e-06, 23.1, 48 )
__meta__ = {
"_edit_group_": true
}

[node name="MeshInstance" type="MeshInstance" parent="RampsAir/Ramp70Deg"]
material_override = ExtResource( 38 )
mesh = SubResource( 5 )
material/0 = null

[node name="CollisionShape" type="CollisionShape" parent="RampsAir/Ramp70Deg"]
shape = SubResource( 6 )

[node name="Ramp75Deg" type="StaticBody" parent="RampsAir"]
transform = Transform( -1.62921e-07, -0.965926, -0.258819, 0, 0.258819, -0.965926, 1, -1.57369e-07, -4.21669e-08, -8.4363e-06, 23.9, 60 )
__meta__ = {
"_edit_group_": true
}

[node name="MeshInstance" type="MeshInstance" parent="RampsAir/Ramp75Deg"]
material_override = ExtResource( 38 )
mesh = SubResource( 5 )
material/0 = null

[node name="CollisionShape" type="CollisionShape" parent="RampsAir/Ramp75Deg"]
shape = SubResource( 6 )

[node name="Ramp80Deg" type="StaticBody" parent="RampsAir"]
transform = Transform( -1.62921e-07, -0.984808, -0.173648, 0, 0.173648, -0.984808, 1, -1.60446e-07, -2.82909e-08, -8.4363e-06, 24.4, 72 )
__meta__ = {
"_edit_group_": true
}

[node name="MeshInstance" type="MeshInstance" parent="RampsAir/Ramp80Deg"]
material_override = ExtResource( 38 )
mesh = SubResource( 5 )
material/0 = null

[node name="CollisionShape" type="CollisionShape" parent="RampsAir/Ramp80Deg"]
shape = SubResource( 6 )

[node name="Ramp85Deg" type="StaticBody" parent="RampsAir"]
transform = Transform( -1.62921e-07, -0.996194, -0.0871555, 0, 0.0871555, -0.996194, 1, -1.62301e-07, -1.41994e-08, -8.4363e-06, 24.8, 84 )
__meta__ = {
"_edit_group_": true
}

[node name="MeshInstance" type="MeshInstance" parent="RampsAir/Ramp85Deg"]
material_override = ExtResource( 38 )
mesh = SubResource( 5 )
material/0 = null

[node name="CollisionShape" type="CollisionShape" parent="RampsAir/Ramp85Deg"]
shape = SubResource( 6 )

[node name="Ramp90Deg" type="StaticBody" parent="RampsAir"]
transform = Transform( -1.62921e-07, -1, 1.62921e-07, 0, -1.62921e-07, -1, 1, -1.62921e-07, 2.65431e-14, -8.4363e-06, 25, 96 )
__meta__ = {
"_edit_group_": true
}

[node name="MeshInstance" type="MeshInstance" parent="RampsAir/Ramp90Deg"]
material_override = ExtResource( 38 )
mesh = SubResource( 5 )
material/0 = null

[node name="CollisionShape" type="CollisionShape" parent="RampsAir/Ramp90Deg"]
shape = SubResource( 6 )

[node name="DrawBridge" type="Spatial" parent="RampsAir"]
transform = Transform( 1, 0, 0, 0, 1, 0, 0, 0, 1, -8.4363e-06, -0.95, 108 )
script = ExtResource( 4 )
__meta__ = {
"_edit_group_": true
}
angular_velocity = 0.025
rotation_axis = Vector3( 0, 0, 1 )
rotate_limit = 90

[node name="DrawBridge" type="KinematicBody" parent="RampsAir/DrawBridge"]
transform = Transform( -1.62921e-07, 0, 1, 0, 1, 0, -1, 0, -1.62921e-07, 25, 0, 0 )

[node name="MeshInstance" type="MeshInstance" parent="RampsAir/DrawBridge/DrawBridge"]
material_override = ExtResource( 38 )
mesh = SubResource( 5 )
material/0 = null

[node name="CollisionShape" type="CollisionShape" parent="RampsAir/DrawBridge/DrawBridge"]
shape = SubResource( 6 )

[node name="Disks" type="Spatial" parent="."]
transform = Transform( 1, 0, 0, 0, 1, 0, 0, 0, 1, -200, 0, 0 )

[node name="VerticalDiskPlatform" type="KinematicBody" parent="Disks"]
transform = Transform( 1, 0, 0, 0, 1, 0, 0, 0, 1, 158, -23, -80 )
script = ExtResource( 3 )
__meta__ = {
"_edit_group_": true
}
move_dir = Vector3( 0, -1, 0 )
move_limit = 20.0

[node name="CSGBox" type="CSGBox" parent="Disks/VerticalDiskPlatform"]
material_override = SubResource( 9 )
width = 20.0
depth = 20.0

[node name="CollisionShape" type="CollisionShape" parent="Disks/VerticalDiskPlatform"]
shape = SubResource( 10 )

[node name="VerticalDisk" type="KinematicBody" parent="Disks/VerticalDiskPlatform"]
transform = Transform( 1, 0, 0, 0, 1, 0, 0, 0, 1, 13, 45, 2 )
script = ExtResource( 4 )
__meta__ = {
"_edit_group_": true
}
angular_velocity = -0.25

[node name="CSGMesh" type="CSGMesh" parent="Disks/VerticalDiskPlatform/VerticalDisk"]
mesh = SubResource( 11 )
material = SubResource( 12 )

[node name="CollisionShape" type="CollisionShape" parent="Disks/VerticalDiskPlatform/VerticalDisk"]
shape = SubResource( 13 )

[node name="CentrePole" type="MeshInstance" parent="Disks/VerticalDiskPlatform/VerticalDisk"]
mesh = SubResource( 14 )
