[gd_scene load_steps=4 format=2]

[ext_resource path="res://test_world/walls/BlockyWalls.tscn" type="PackedScene" id=1]
[ext_resource path="res://test_world/walls/CurvedWallA.tscn" type="PackedScene" id=2]
[ext_resource path="res://test_world/walls/CurvedWallB.tscn" type="PackedScene" id=3]

[node name="Walls" type="Spatial"]

[node name="BlockyWalls1" parent="." instance=ExtResource( 1 )]
transform = Transform( 1, 0, 0, 0, 1, 0, 0, 0, 1, 0, 5, -22 )

[node name="CurvedWallB" parent="BlockyWalls1" instance=ExtResource( 3 )]
transform = Transform( 1, 0, 0, 0, 1, 0, 0, 0, 1, -6, -5, 9 )

[node name="CurvedWallB2" parent="BlockyWalls1" instance=ExtResource( 3 )]
transform = Transform( -1, 0, -8.74228e-08, 2.26267e-08, 0.965926, -0.258819, 8.44439e-08, -0.258819, -0.965926, -11, -10, 15 )

[node name="CurvedWallB3" parent="BlockyWalls1" instance=ExtResource( 3 )]
transform = Transform( -1, 0, -8.74228e-08, 4.37114e-08, -0.866025, -0.5, -7.57103e-08, -0.5, 0.866025, -11, -10, 59 )

[node name="BlockyWalls2" parent="." instance=ExtResource( 1 )]
transform = Transform( 1, 0, 0, 0, 1, 0, 0, 0, 1, 0, 11, -25 )

[node name="BlockyWalls3" parent="." instance=ExtResource( 1 )]
transform = Transform( 1, 0, 0, 0, 1, 0, 0, 0, 1, 0, 18, -27 )

[node name="BlockyWalls4" parent="." instance=ExtResource( 1 )]
transform = Transform( 1, 0, 0, 0, 2.98023e-08, -1, 0, 1, 2.98023e-08, 5, 24, -27 )

[node name="BlockyWalls5" parent="." instance=ExtResource( 1 )]
transform = Transform( 1, 0, 0, 0, 0.866025, -0.5, 0, 0.5, 0.866025, 0, 27, -32 )

[node name="BlockyWalls6" parent="." instance=ExtResource( 1 )]
transform = Transform( 1, 0, 0, 0, 0.707107, 0.707107, 0, -0.707107, 0.707107, 0, 23, -21 )

[node name="BlockyWalls7" parent="." instance=ExtResource( 1 )]
transform = Transform( 1, 0, 0, 0, 0.707107, 0.707107, 0, -0.707107, 0.707107, 0, 3, 5 )

[node name="BlockyWalls8" parent="." instance=ExtResource( 1 )]
transform = Transform( 1, 0, 0, 0, 0.965926, -0.258819, 0, 0.258819, 0.965926, 0, 6, -4 )

[node name="BlockyWalls9" parent="." instance=ExtResource( 1 )]
transform = Transform( 1, 0, 0, 0, -4.47035e-08, 1, 0, -1, -4.47035e-08, 0, 12, 0 )

[node name="BlockyWalls10" parent="." instance=ExtResource( 1 )]
transform = Transform( 1, 0, 0, 0, -4.47035e-08, 1, 0, -1, -4.47035e-08, 0, 10, 10 )

[node name="BlockyWalls11" parent="." instance=ExtResource( 1 )]
transform = Transform( 1, 0, 0, 0, -0.258819, 0.965926, 0, -0.965926, -0.258819, 0, 10, 16 )

[node name="BlockyWalls12" parent="." instance=ExtResource( 1 )]
transform = Transform( 1, 0, 0, 0, -0.5, 0.866025, 0, -0.866025, -0.5, 0, 14, 22 )

[node name="BlockyWalls13" parent="." instance=ExtResource( 1 )]
transform = Transform( 1, 0, 0, 0, -0.707107, 0.707107, 0, -0.707107, -0.707107, 0, 19, 26 )

[node name="BlockyWalls14" parent="." instance=ExtResource( 1 )]
transform = Transform( 1, 0, 0, 0, -0.965925, 0.258819, 0, -0.258819, -0.965925, 0, 24, 30 )

[node name="BlockyWalls15" parent="." instance=ExtResource( 1 )]
transform = Transform( 1, 0, 0, 0, -1, -7.45058e-08, 0, 7.45058e-08, -1, 0, 30, 33 )

[node name="BlockyWalls16" parent="." instance=ExtResource( 1 )]
transform = Transform( 1, 0, 0, 0, -0.258819, 0.965925, 0, -0.965925, -0.258819, 0, 30, 34 )

[node name="BlockyWalls18" parent="." instance=ExtResource( 1 )]
transform = Transform( -4.37114e-08, -0.999999, -1.93715e-07, 0, -1.93715e-07, 0.999999, -1, 4.37114e-08, 8.46756e-15, 30, -4.76837e-07, 42 )

[node name="BlockyWalls17" parent="." instance=ExtResource( 1 )]
transform = Transform( 1, 0, 0, 0, 5.96046e-08, -1, 0, 1, 5.96046e-08, 0, 5, -5 )

[node name="CurvedWallA1" parent="." instance=ExtResource( 2 )]
transform = Transform( 1, 0, 0, 0, 1, 0, 0, 0, 1, 17, 0, 34 )

[node name="CurvedWallA2" parent="." instance=ExtResource( 2 )]
transform = Transform( 1, 0, 0, 0, 0.965926, 0.258819, 0, -0.258819, 0.965926, 6, 0, 34 )

[node name="CurvedWallA3" parent="." instance=ExtResource( 2 )]
transform = Transform( 1, 0, 0, 0, -0.965926, -0.258819, 0, 0.258819, -0.965926, 12, 0, 33 )
